,City,Cloudiness,Country,Date,Humidity,Lat,Lng,Max Temp,Wind Speed,fDate
0,Karratha,0,AU,1554581211,67,-20.74,116.85,65.59,2.95,04/06/2019
1,Cabo San Lucas,5,MX,1554580896,60,22.89,-109.91,82.0,9.17,04/06/2019
2,Mwinilunga,48,ZM,1554581211,96,-11.73,24.43,65.68,2.95,04/06/2019
3,Bud,48,NO,1554580940,65,62.91,6.91,41.0,12.75,04/06/2019
4,Busselton,44,AU,1554581110,55,-33.64,115.35,50.0,10.45,04/06/2019
5,Harper,1,US,1554581205,36,30.3,-99.24,81.0,5.64,04/06/2019
6,Kahului,20,US,1554581068,54,20.89,-156.47,82.4,4.7,04/06/2019
7,Qaanaaq,56,GL,1554581213,88,77.48,-69.36,12.49,10.0,04/06/2019
8,Boa Vista,75,BR,1554580800,30,2.82,-60.67,96.8,10.29,04/06/2019
9,Bredasdorp,12,ZA,1554580843,82,-34.53,20.04,64.4,6.93,04/06/2019
10,Luderitz,36,NA,1554581215,88,-26.65,15.16,58.3,9.44,04/06/2019
11,Ushuaia,90,AR,1554577200,69,-54.81,-68.31,39.2,14.99,04/06/2019
12,Barrow,20,AR,1554581215,36,-38.31,-60.23,73.69,12.46,04/06/2019
13,Chokurdakh,88,RU,1554581216,88,70.62,147.9,14.74,6.42,04/06/2019
14,Mataura,0,NZ,1554580808,93,-46.19,168.86,37.0,2.95,04/06/2019
15,Ribeira Grande,75,PT,1554579000,87,38.52,-28.7,60.8,25.28,04/06/2019
16,Cape Town,0,ZA,1554581167,82,-33.93,18.42,66.99,13.87,04/06/2019
17,Felipe Carrillo Puerto,0,MX,1554581217,43,19.58,-88.05,90.16,11.68,04/06/2019
18,Mahebourg,75,MU,1554581040,74,-20.41,57.7,80.6,11.41,04/06/2019
19,Rikitea,64,PF,1554581217,100,-23.12,-134.97,78.19,13.58,04/06/2019
20,Tres Arroyos,20,AR,1554581218,36,-38.38,-60.28,73.69,12.46,04/06/2019
21,Jamestown,0,AU,1554581219,81,-33.21,138.6,41.38,2.62,04/06/2019
22,Lompoc,1,US,1554581154,59,34.64,-120.46,70.0,17.22,04/06/2019
23,Mar del Plata,0,AR,1554581220,31,-46.43,-67.52,70.63,4.97,04/06/2019
24,Tuatapere,0,NZ,1554580808,93,-46.13,167.69,37.0,4.74,04/06/2019
25,Mindelo,40,PT,1554580826,87,41.31,-8.72,52.0,3.36,04/06/2019
26,San Patricio,64,PY,1554581221,76,-26.98,-56.83,70.36,5.75,04/06/2019
27,Camacha,75,PT,1554579000,82,33.08,-16.33,62.6,17.22,04/06/2019
28,Ostrovnoy,64,RU,1554581222,85,68.05,39.51,25.36,10.45,04/06/2019
29,Avarua,64,CK,1554579000,69,-21.21,-159.78,80.6,9.17,04/06/2019
30,Vaini,0,IN,1554581225,86,15.34,74.49,67.57,1.5,04/06/2019
31,Tiksi,0,RU,1554581225,78,71.64,128.87,8.71,2.84,04/06/2019
32,Nabire,68,ID,1554581226,92,-3.36,135.5,67.93,1.95,04/06/2019
33,Lasa,20,CY,1554580808,77,34.92,32.53,60.8,3.36,04/06/2019
34,Luanda,75,AO,1554577200,88,-8.83,13.24,82.4,9.17,04/06/2019
35,Chernyshevskiy,44,RU,1554581229,68,63.01,112.47,18.25,6.87,04/06/2019
36,Coquimbo,40,CL,1554577200,82,-29.95,-71.34,62.6,16.11,04/06/2019
37,Namibe,0,AO,1554581229,100,-15.19,12.15,78.28,9.66,04/06/2019
38,Yarada,92,IN,1554575400,54,17.65,83.27,80.6,3.36,04/06/2019
39,Ancud,75,CL,1554577200,87,-41.87,-73.83,59.0,17.22,04/06/2019
40,Dubai,0,AE,1554577200,22,25.27,55.3,89.6,4.7,04/06/2019
41,Castro,75,CL,1554577200,87,-42.48,-73.76,59.0,17.22,04/06/2019
42,Atuona,8,PF,1554581231,98,-9.8,-139.03,82.96,14.81,04/06/2019
43,Ilulissat,75,GL,1554576600,44,69.22,-51.1,39.2,21.92,04/06/2019
44,Provideniya,48,RU,1554581243,100,64.42,-173.23,14.56,5.75,04/06/2019
45,Saint Anthony,75,US,1554581146,45,43.97,-111.68,50.0,23.04,04/06/2019
46,Hilo,1,US,1554580942,57,19.71,-155.08,78.8,3.36,04/06/2019
47,Saint-Philippe,90,CA,1554581166,93,45.36,-73.48,50.0,3.36,04/06/2019
48,Yar-Sale,68,RU,1554581245,85,66.83,70.83,28.69,23.87,04/06/2019
49,Thompson,20,CA,1554577200,25,55.74,-97.86,28.4,2.24,04/06/2019
50,Sao Filipe,0,CV,1554581246,94,14.9,-24.5,71.44,18.05,04/06/2019
51,Sioux Lookout,75,CA,1554577200,48,50.1,-91.92,41.0,2.24,04/06/2019
52,Bluff,0,AU,1554581246,88,-23.58,149.07,64.06,7.65,04/06/2019
53,Hobart,20,AU,1554581055,71,-42.88,147.33,50.0,6.93,04/06/2019
54,Tera,20,CY,1554580808,77,34.97,32.42,60.8,3.36,04/06/2019
55,Cidreira,92,BR,1554581247,94,-30.17,-50.22,69.73,8.1,04/06/2019
56,New Norfolk,20,AU,1554581235,71,-42.78,147.06,50.0,6.93,04/06/2019
57,Albany,20,US,1554581110,50,42.65,-73.75,59.0,10.29,04/06/2019
58,Krivodol,0,HR,1554579000,44,43.64,16.81,59.0,6.93,04/06/2019
59,Pevek,0,RU,1554581249,87,69.7,170.27,6.55,6.98,04/06/2019
60,Lokosovo,88,RU,1554581249,82,61.13,74.84,23.83,10.22,04/06/2019
61,Salalah,75,OM,1554576600,78,17.01,54.1,80.6,4.7,04/06/2019
62,Rome,0,IT,1554581164,76,41.89,12.48,54.0,3.36,04/06/2019
63,Ponta do Sol,8,BR,1554581250,90,-20.63,-46.0,72.7,1.28,04/06/2019
64,Georgetown,40,GY,1554577200,74,6.8,-58.16,84.2,13.87,04/06/2019
65,San Cristobal,75,EC,1554580876,46,-0.39,-78.55,71.6,5.82,04/06/2019
66,Port Alfred,12,ZA,1554581200,87,-33.59,26.89,62.01,1.01,04/06/2019
67,Malmesbury,90,GB,1554581248,66,51.58,-2.1,48.99,16.11,04/06/2019
68,Manbij,75,SY,1554578400,81,36.53,37.96,52.0,5.82,04/06/2019
69,Vila Velha,75,BR,1554580800,78,-3.71,-38.6,80.6,11.41,04/06/2019
70,Eureka,90,US,1554580989,63,40.8,-124.16,61.0,19.46,04/06/2019
71,Sorland,76,NO,1554580958,100,67.67,12.69,38.32,24.76,04/06/2019
72,Robore,0,BO,1554577200,57,-18.33,-59.76,78.8,5.82,04/06/2019
73,Punta Arenas,40,CL,1554580949,57,-53.16,-70.91,48.2,53.02,04/06/2019
74,Ola,0,RU,1554581258,79,59.58,151.3,28.33,14.25,04/06/2019
75,Vardo,40,US,1554581250,59,39.62,-77.74,68.0,8.05,04/06/2019
76,Raudeberg,8,NO,1554581104,65,61.99,5.14,44.6,11.41,04/06/2019
77,Hermanus,0,ZA,1554580855,82,-34.42,19.24,66.0,7.0,04/06/2019
78,Margate,20,AU,1554581235,71,-43.03,147.26,50.0,6.93,04/06/2019
79,Lorengau,36,PG,1554581260,100,-2.02,147.27,82.33,7.76,04/06/2019
80,Artemovsk,88,RU,1554581260,93,54.35,93.44,29.32,2.95,04/06/2019
81,Arraial do Cabo,0,BR,1554577200,66,-22.97,-42.02,87.8,9.17,04/06/2019
82,Huarmey,20,PE,1554581261,58,-10.07,-78.15,76.66,3.85,04/06/2019
83,College,75,US,1554581204,55,64.86,-147.8,37.0,8.05,04/06/2019
84,Bambous Virieux,75,MU,1554581040,74,-20.34,57.76,80.6,11.41,04/06/2019
85,Srandakan,100,ID,1554581262,99,-7.94,110.25,73.06,3.06,04/06/2019
86,Yellowknife,90,CA,1554581094,52,62.45,-114.38,19.4,12.75,04/06/2019
87,Gijon,40,ES,1554581256,87,43.54,-5.66,51.01,12.75,04/06/2019
88,Opuwo,0,NA,1554581097,53,-18.06,13.84,66.4,3.85,04/06/2019
89,Iaciara,12,BR,1554581264,68,-14.1,-46.63,82.96,2.95,04/06/2019
90,Murgab,75,TM,1554577200,52,37.5,61.97,68.0,6.93,04/06/2019
91,Katsuura,20,JP,1554581103,71,33.93,134.5,51.8,4.7,04/06/2019
92,Ust-Nera,36,RU,1554581276,67,64.57,143.24,7.27,2.17,04/06/2019
93,Darovskoy,0,RU,1554581276,92,58.77,47.96,32.02,4.85,04/06/2019
94,Saskylakh,56,RU,1554581276,80,71.97,114.09,17.89,18.28,04/06/2019
95,Pringsewu,8,ID,1554581276,86,-5.36,104.98,74.32,3.29,04/06/2019
96,Plouzane,90,FR,1554581225,93,48.38,-4.62,48.99,8.05,04/06/2019
97,Barabai,88,ID,1554581277,97,-2.59,115.38,73.51,2.28,04/06/2019
98,Gambela,0,ET,1554581277,80,8.25,34.59,66.76,0.6,04/06/2019
99,San Quintin,8,PH,1554581277,83,17.54,120.52,68.56,3.62,04/06/2019
100,Muros,40,ES,1554581275,93,42.77,-9.06,51.01,1.12,04/06/2019
101,Kirakira,76,SB,1554581279,99,-10.46,161.92,84.76,5.08,04/06/2019
102,Kysyl-Syr,0,RU,1554581279,76,63.9,122.77,14.83,3.06,04/06/2019
103,Soure,75,PT,1554581030,87,40.06,-8.63,54.0,10.29,04/06/2019
104,Torbay,90,CA,1554581064,32,47.66,-52.73,39.2,19.46,04/06/2019
105,Henties Bay,0,NA,1554580927,88,-22.12,14.28,60.01,1.99,04/06/2019
106,Taltal,0,CL,1554581281,56,-25.41,-70.49,69.19,2.17,04/06/2019
107,El Sauzal,0,AR,1554577200,49,-24.3,-64.96,73.4,2.28,04/06/2019
108,Oriximina,24,BR,1554581282,72,-1.77,-55.87,85.84,4.63,04/06/2019
109,Ternate,20,PH,1554580983,74,14.29,120.72,84.99,6.93,04/06/2019
110,Khatanga,68,RU,1554581282,87,71.98,102.47,19.51,6.76,04/06/2019
111,Kholmogory,0,RU,1554579000,86,64.23,41.65,28.4,2.24,04/06/2019
112,Hirara,44,JP,1554581285,100,24.8,125.28,74.41,8.55,04/06/2019
113,Shingu,44,JP,1554581286,94,33.72,135.99,61.18,11.34,04/06/2019
114,Naustdal,8,NO,1554580913,65,61.51,5.72,44.6,11.41,04/06/2019
115,Hithadhoo,0,MV,1554581287,100,-0.6,73.08,84.13,6.53,04/06/2019
116,Kodiak,1,US,1554581223,13,39.95,-94.76,77.0,17.22,04/06/2019
117,Kapaa,1,US,1554580813,69,22.08,-159.32,77.0,6.93,04/06/2019
118,Smithers,75,CA,1554577200,59,54.78,-127.17,46.4,3.36,04/06/2019
119,Nikolskoye,0,RU,1554581136,55,59.7,30.79,39.0,6.71,04/06/2019
120,Esperance,75,TT,1554580916,66,10.24,-61.45,86.0,21.92,04/06/2019
121,Gamboula,56,CF,1554581289,72,4.12,15.14,77.2,7.2,04/06/2019
122,Dikson,76,RU,1554581289,98,73.51,80.55,14.74,5.41,04/06/2019
123,Aklavik,20,CA,1554577200,61,68.22,-135.01,12.2,3.36,04/06/2019
124,Teapa,5,MX,1554578040,49,17.56,-92.95,91.4,4.7,04/06/2019
125,Tasiilaq,92,GL,1554576600,92,65.61,-37.64,32.0,33.33,04/06/2019
126,Nanortalik,24,GL,1554581290,93,60.14,-45.24,32.83,20.07,04/06/2019
127,Keetmanshoop,12,NA,1554577200,16,-26.57,18.15,77.0,6.93,04/06/2019
128,Lincoln,75,GB,1554581165,87,53.23,-0.54,46.99,6.93,04/06/2019
129,Butaritari,88,KI,1554581292,100,3.07,172.79,79.54,8.1,04/06/2019
130,Cabedelo,75,BR,1554577200,70,-6.97,-34.84,84.2,9.17,04/06/2019
131,Nome,1,US,1554581265,58,30.04,-94.42,84.2,11.41,04/06/2019
132,Winnemucca,90,US,1554580884,40,40.97,-117.74,51.8,16.11,04/06/2019
133,Floro,0,NO,1554580913,65,61.6,5.03,44.6,11.41,04/06/2019
134,Lahat,88,ID,1554581294,98,-3.78,103.55,72.43,1.95,04/06/2019
135,Miri,92,NG,1554581294,34,10.31,9.75,86.56,3.62,04/06/2019
136,Meulaboh,92,ID,1554581295,100,4.14,96.13,76.93,5.64,04/06/2019
137,Halifax,90,CA,1554581164,100,44.65,-63.58,43.0,10.29,04/06/2019
138,Tuktoyaktuk,20,CA,1554577200,70,69.44,-133.03,-0.41,12.75,04/06/2019
139,Old Orchard Beach,90,US,1554581299,54,43.52,-70.38,62.01,14.99,04/06/2019
140,Severo-Kurilsk,92,RU,1554581307,95,50.68,156.12,32.47,28.9,04/06/2019
141,Coahuayana,20,MX,1554581307,24,18.62,-100.35,87.46,3.18,04/06/2019
142,Bethel,90,US,1554578520,73,60.79,-161.76,28.4,14.99,04/06/2019
143,Upernavik,0,GL,1554581309,77,72.79,-56.15,32.02,14.92,04/06/2019
144,Denpasar,20,ID,1554577200,94,-8.65,115.22,78.8,1.12,04/06/2019
145,Taoudenni,12,ML,1554581309,25,22.68,-3.98,67.93,9.44,04/06/2019
146,Tromso,75,NO,1554578400,92,69.65,18.96,32.0,21.92,04/06/2019
147,Norman Wells,75,CA,1554577200,67,65.28,-126.83,23.0,18.34,04/06/2019
148,Cap Malheureux,75,MU,1554581040,74,-19.98,57.61,80.6,11.41,04/06/2019
149,Tshela,68,CD,1554581311,90,-4.99,12.94,77.38,4.29,04/06/2019
150,Antalya,75,TR,1554578400,87,36.9,30.69,57.2,4.7,04/06/2019
151,Awbari,36,LY,1554581312,37,26.59,12.77,67.48,4.18,04/06/2019
152,Saint George,75,GR,1554580200,71,39.45,22.34,55.4,4.7,04/06/2019
153,Dana Point,75,US,1554581011,59,33.47,-117.7,72.0,8.05,04/06/2019
154,Itarema,92,BR,1554581313,100,-2.92,-39.92,75.4,5.41,04/06/2019
155,Caravelas,20,BR,1554581313,97,-17.73,-39.27,82.78,14.36,04/06/2019
156,Caceres,20,CO,1554581314,62,5.53,-74.53,80.98,0.94,04/06/2019
157,Souillac,0,FR,1554581254,87,45.6,-0.6,46.99,10.29,04/06/2019
158,Alice Springs,0,AU,1554579000,48,-23.7,133.88,62.6,3.36,04/06/2019
159,Kieta,12,PG,1554581315,100,-6.22,155.63,80.62,4.74,04/06/2019
160,Pyapon,0,MM,1554581316,98,16.29,95.68,76.3,8.77,04/06/2019
161,Sao Jose da Coroa Grande,44,BR,1554581316,78,-8.9,-35.15,81.16,7.99,04/06/2019
162,Iranshahr,0,IR,1554577200,23,27.21,60.69,84.2,6.93,04/06/2019
163,Bay Roberts,90,CA,1554581301,35,47.58,-53.28,39.2,14.99,04/06/2019
164,Aripuana,80,BR,1554581318,87,-9.17,-60.63,77.29,3.96,04/06/2019
165,Sitka,76,US,1554580872,58,37.17,-99.65,68.0,8.01,04/06/2019
166,Saldanha,56,PT,1554581319,96,41.42,-6.55,39.85,7.2,04/06/2019
167,Hasaki,40,JP,1554581261,87,35.73,140.83,52.0,9.17,04/06/2019
168,Faanui,76,PF,1554581320,98,-16.48,-151.75,85.21,15.7,04/06/2019
169,Guerrero Negro,0,MX,1554581320,62,27.97,-114.04,68.83,15.48,04/06/2019
170,Senador Pompeu,68,BR,1554581322,94,-5.58,-39.37,71.98,3.18,04/06/2019
171,Tual,68,ID,1554581322,99,-5.67,132.75,83.59,5.08,04/06/2019
172,Fortuna,40,ES,1554581310,71,38.18,-1.13,59.0,8.55,04/06/2019
173,Tautira,20,PF,1554580945,70,-17.73,-149.15,87.8,4.7,04/06/2019
174,Talnakh,88,RU,1554581323,90,69.49,88.39,18.43,11.34,04/06/2019
175,Walvis Bay,0,NA,1554580927,82,-22.95,14.51,60.01,5.82,04/06/2019
176,Kaeo,0,NZ,1554581284,95,-35.1,173.78,55.0,5.99,04/06/2019
177,Marawi,64,PH,1554580085,91,8.0,124.29,75.99,5.01,04/06/2019
178,Hovd,75,NO,1554581117,60,63.83,10.7,42.8,14.99,04/06/2019
179,Bilma,0,NE,1554581325,17,18.69,12.92,79.9,7.2,04/06/2019
180,Khakhea,48,BW,1554581326,52,-24.69,23.5,67.93,6.08,04/06/2019
181,Namatanai,88,PG,1554581336,100,-3.66,152.44,81.07,4.18,04/06/2019
182,Tandur,68,IN,1554581336,76,19.18,79.43,70.54,2.39,04/06/2019
183,Mecca,12,SA,1554581282,48,21.43,39.83,66.85,2.51,04/06/2019
184,Tomatlan,0,MX,1554581112,52,19.93,-105.25,84.22,4.41,04/06/2019
185,Puerto Ayora,20,EC,1554580868,66,-0.74,-90.35,87.8,18.34,04/06/2019
186,Kavieng,92,PG,1554581338,100,-2.57,150.8,81.52,5.41,04/06/2019
187,Victoria,75,BN,1554579000,83,5.28,115.24,82.4,3.36,04/06/2019
188,Chikwawa,92,MW,1554581341,61,-16.03,34.79,80.62,8.43,04/06/2019
189,Esil,44,KZ,1554581341,79,51.96,66.41,35.71,2.95,04/06/2019
190,Portland,75,US,1554580761,62,45.52,-122.67,59.0,8.05,04/06/2019
191,East London,80,ZA,1554581133,100,-33.02,27.91,68.83,17.27,04/06/2019
192,Vero Beach,1,US,1554581224,61,27.64,-80.4,87.01,14.99,04/06/2019
193,Biankouma,0,CI,1554581342,87,7.74,-7.61,75.13,3.51,04/06/2019
194,Saint-Augustin,75,FR,1554581187,87,44.83,-0.61,48.2,6.93,04/06/2019
195,Fulton,75,US,1554581198,66,43.32,-76.42,61.0,5.64,04/06/2019
196,Grindavik,75,IS,1554581217,65,63.84,-22.43,42.01,12.75,04/06/2019
197,Glendive,40,US,1554579300,62,47.11,-104.71,62.6,6.93,04/06/2019
198,Hualmay,20,PE,1554581344,70,-11.1,-77.61,75.31,5.64,04/06/2019
199,Fontem,92,CM,1554581344,98,5.49,9.85,67.48,2.39,04/06/2019
200,Kavaratti,0,IN,1554581345,100,10.57,72.64,84.85,10.78,04/06/2019
201,Udachnyy,20,RU,1554581345,74,66.42,112.4,18.88,6.98,04/06/2019
202,Buala,12,SB,1554581345,90,-8.15,159.59,83.23,3.51,04/06/2019
203,Sorong,48,ID,1554581346,100,-0.86,131.25,80.53,3.18,04/06/2019
204,Hay River,90,CA,1554577200,46,60.82,-115.79,30.2,14.99,04/06/2019
205,Flin Flon,75,CA,1554577200,44,54.77,-101.88,39.2,9.17,04/06/2019
206,Fairbanks,75,US,1554581326,55,64.84,-147.72,37.0,8.05,04/06/2019
207,Tepusteca,20,HN,1554577200,58,15.42,-86.32,87.8,16.11,04/06/2019
208,Porirua,92,NZ,1554581136,87,-41.14,174.84,53.6,27.51,04/06/2019
209,Penzance,64,GB,1554581287,87,50.12,-5.53,51.01,9.17,04/06/2019
210,Nemuro,0,JP,1554581350,95,43.32,145.57,33.91,13.13,04/06/2019
211,Minjur,20,IN,1554579000,79,13.28,80.26,84.2,6.93,04/06/2019
212,Bundaberg,0,AU,1554581124,88,-24.87,152.35,64.99,6.93,04/06/2019
213,Manakara,80,MG,1554581351,100,-22.14,48.01,73.78,3.96,04/06/2019
214,Hobyo,76,SO,1554581351,90,5.35,48.53,78.73,8.43,04/06/2019
215,Fare,92,PF,1554581352,95,-16.7,-151.02,85.21,15.7,04/06/2019
216,Port Hedland,0,AU,1554579000,69,-20.31,118.58,75.2,8.05,04/06/2019
217,Mahon,75,IE,1554581289,81,51.89,-8.4,48.0,5.82,04/06/2019
218,Veraval,0,FR,1554581338,66,49.65,0.71,54.0,11.41,04/06/2019
219,Panama City,90,US,1554581076,88,30.16,-85.65,84.0,10.29,04/06/2019
220,Haukipudas,0,FI,1554580817,75,65.17,25.5,32.0,1.12,04/06/2019
221,Sandy Bay,20,AU,1554581295,71,-42.9,147.33,50.0,6.93,04/06/2019
222,Ahipara,0,NZ,1554581354,100,-35.17,173.16,57.94,5.97,04/06/2019
223,Boysun,20,UZ,1554581355,92,38.2,67.2,33.19,2.17,04/06/2019
224,Bulgan,48,MN,1554581355,74,48.81,103.53,13.84,2.62,04/06/2019
225,Nefteyugansk,0,RU,1554579000,73,61.09,72.61,24.8,8.95,04/06/2019
226,Iqaluit,90,CA,1554580924,79,63.75,-68.52,21.2,11.41,04/06/2019
227,Mosquera,40,CO,1554577200,60,4.71,-74.23,68.0,17.22,04/06/2019
228,Noumea,92,NC,1554579000,93,-22.28,166.46,66.2,1.12,04/06/2019
229,Saint-Joseph,92,FR,1554581284,93,43.56,6.97,48.2,3.36,04/06/2019
230,Kimbe,76,PG,1554581367,100,-5.56,150.15,78.46,4.18,04/06/2019
231,Jinji,88,CN,1554581367,98,22.16,112.49,69.01,2.73,04/06/2019
232,Ust-Kuyga,44,RU,1554581367,94,70.0,135.55,9.7,2.95,04/06/2019
233,Mirador,56,BR,1554581368,85,-6.37,-44.36,78.28,7.99,04/06/2019
234,Tiarei,20,PF,1554580945,70,-17.53,-149.33,87.8,4.7,04/06/2019
235,Banda Aceh,32,ID,1554581303,93,5.56,95.32,76.39,2.17,04/06/2019
236,Jumla,76,NP,1554581368,83,29.28,82.18,31.21,2.28,04/06/2019
237,Byron Bay,75,AU,1554581213,93,-28.65,153.62,64.0,5.82,04/06/2019
238,Beruwala,12,LK,1554581369,96,6.48,79.98,84.13,6.64,04/06/2019
239,Biloela,0,AU,1554581369,86,-24.4,150.51,60.19,5.97,04/06/2019
240,Conde,12,BR,1554581369,86,-11.81,-37.61,81.34,8.43,04/06/2019
241,Livingston,90,US,1554580838,88,32.58,-88.19,73.4,4.7,04/06/2019
242,Shelburne,90,CA,1554581313,75,44.08,-80.2,60.01,5.82,04/06/2019
243,Ixtapa,5,MX,1554581116,51,20.71,-105.21,84.2,10.29,04/06/2019
244,Atasu,0,KZ,1554581372,88,48.68,71.64,30.13,7.99,04/06/2019
245,Longyearbyen,40,NO,1554576600,62,78.22,15.63,19.4,19.46,04/06/2019
246,Muleba,8,TZ,1554581372,95,-1.84,31.66,71.08,3.62,04/06/2019
247,Umm Lajj,64,SA,1554581372,87,25.02,37.27,68.47,3.85,04/06/2019
248,Tura,92,IN,1554581373,96,25.52,90.21,65.41,3.96,04/06/2019
249,Palmer,0,AU,1554581339,81,-34.85,139.16,55.0,6.93,04/06/2019
250,Carnarvon,0,ZA,1554581374,68,-30.97,22.13,48.31,3.96,04/06/2019
251,Qingyuan,64,CN,1554581374,88,27.62,119.06,51.55,1.95,04/06/2019
252,Pokrovsk,0,UA,1554581374,65,48.28,37.18,42.91,10.78,04/06/2019
253,Ponferrada,68,ES,1554581352,99,42.55,-6.59,39.0,3.0,04/06/2019
254,Los Llanos de Aridane,75,ES,1554581108,63,28.66,-17.92,64.4,13.87,04/06/2019
255,Dickinson,90,US,1554580894,93,46.88,-102.79,61.0,10.29,04/06/2019
256,Sal Rei,75,CV,1554580800,68,16.18,-22.92,71.6,17.22,04/06/2019
257,Trindade,20,BR,1554577200,78,-16.66,-49.49,78.8,9.17,04/06/2019
258,Puerto Escondido,40,MX,1554576300,69,15.86,-97.07,80.6,11.41,04/06/2019
259,North Bend,90,US,1554581016,87,43.41,-124.22,62.01,23.04,04/06/2019
260,Port Lincoln,88,AU,1554581401,100,-34.72,135.86,58.66,12.12,04/06/2019
261,Uglegorsk,76,RU,1554581401,82,49.08,142.06,30.31,7.43,04/06/2019
262,Lasko,0,SI,1554581358,93,46.15,15.24,48.99,2.28,04/06/2019
263,Loandjili,75,CG,1554577200,88,-4.77,11.87,82.4,5.82,04/06/2019
264,Puerto Narino,75,CO,1554577200,84,-3.77,-70.38,86.0,5.82,04/06/2019
265,Airai,0,TL,1554581404,86,-8.93,125.41,65.32,1.5,04/06/2019
266,Clyde River,68,CA,1554577200,84,70.47,-68.59,5.0,35.57,04/06/2019
267,Cairo,0,EG,1554580930,33,30.05,31.24,77.0,5.82,04/06/2019
268,Gotsu,0,JP,1554581405,81,35.01,132.22,47.05,7.43,04/06/2019
269,Puerto Ayacucho,20,CO,1554577200,39,5.66,-67.63,98.6,6.93,04/06/2019
270,Abalak,0,NE,1554581408,26,15.46,6.28,86.83,8.21,04/06/2019
271,Mayo,90,CA,1554577200,54,63.59,-135.9,28.4,10.29,04/06/2019
272,Solnechnyy,48,RU,1554581418,91,50.72,136.64,27.34,5.97,04/06/2019
273,Inuvik,20,CA,1554577200,51,68.36,-133.71,12.2,6.93,04/06/2019
274,Manicore,8,BR,1554581419,73,-5.81,-61.3,86.02,2.73,04/06/2019
275,Jaggayyapeta,0,IN,1554581422,75,16.89,80.1,75.49,6.64,04/06/2019
276,Lubao,40,PH,1554581282,83,14.94,120.6,84.99,4.7,04/06/2019
277,Lamar,1,US,1554580828,23,38.09,-102.62,73.4,8.05,04/06/2019
278,Ahuimanu,1,US,1554581286,69,21.44,-157.84,80.01,3.36,04/06/2019
279,Inirida,8,CO,1554581423,64,3.87,-67.92,88.09,2.73,04/06/2019
280,Casablanca,40,MA,1554580930,66,33.6,-7.62,59.0,8.05,04/06/2019
281,Codrington,75,AU,1554581213,93,-28.95,153.24,64.0,5.82,04/06/2019
282,Hambantota,8,LK,1554581164,100,6.12,81.12,80.17,6.2,04/06/2019
283,Ilhabela,44,BR,1554581140,99,-23.78,-45.36,77.56,5.97,04/06/2019
284,Dong Hoi,32,VN,1554581426,99,17.48,106.6,76.93,6.53,04/06/2019
285,Barra do Garcas,48,BR,1554581361,74,-15.89,-52.26,81.16,5.64,04/06/2019
286,Port Hardy,75,CA,1554577200,66,50.7,-127.42,51.8,27.51,04/06/2019
287,Toamasina,75,MG,1554577200,100,-18.17,49.38,75.2,5.82,04/06/2019
288,Necochea,0,AR,1554581428,48,-38.55,-58.74,71.62,10.78,04/06/2019
289,Nyaunglebin,0,MM,1554581428,79,17.95,96.73,73.42,3.4,04/06/2019
290,Westport,75,IE,1554581407,70,53.8,-9.52,50.0,5.82,04/06/2019
291,Santa Helena,92,BR,1554581429,98,-2.23,-45.3,73.24,4.52,04/06/2019
292,Pacific Grove,75,US,1554581341,59,36.62,-121.92,68.0,9.17,04/06/2019
293,Makakilo City,1,US,1554581286,65,21.35,-158.09,80.01,6.93,04/06/2019
294,Klaksvik,48,FO,1554578400,97,62.23,-6.59,41.0,9.17,04/06/2019
295,Pisco,0,PE,1554577200,30,-13.71,-76.2,71.6,9.17,04/06/2019
296,Isangel,0,VU,1554581431,100,-19.55,169.27,77.11,15.82,04/06/2019
297,Celica,92,EC,1554581432,66,-4.1,-79.96,73.51,1.61,04/06/2019
298,Toltestava,0,HU,1554581421,87,47.63,17.73,50.0,3.62,04/06/2019
299,Gorno-Altaysk,0,RU,1554581433,90,51.96,85.96,31.3,9.55,04/06/2019
300,Te Anau,0,NZ,1554581433,75,-45.41,167.72,35.8,4.29,04/06/2019
301,Kaitangata,0,NZ,1554581433,73,-46.28,169.85,38.77,5.53,04/06/2019
302,Cockburn Town,76,TC,1554581267,97,21.46,-71.14,78.82,18.28,04/06/2019
303,Izazi,12,TZ,1554581434,87,-7.24,35.72,68.38,2.95,04/06/2019
304,The Valley,40,AI,1554580936,57,18.22,-63.06,84.2,18.34,04/06/2019
305,Kaliua,36,TZ,1554581435,88,-5.06,31.79,67.66,3.62,04/06/2019
306,Mount Isa,40,AU,1554579000,50,-20.73,139.49,75.2,8.05,04/06/2019
307,Lebu,20,ET,1554580800,59,8.96,38.73,64.4,6.93,04/06/2019
308,Merauke,48,ID,1554581436,100,-8.49,140.4,76.66,3.06,04/06/2019
309,Hamilton,75,CA,1554581313,62,43.26,-79.87,61.0,2.24,04/06/2019
310,Narkevychi,44,UA,1554581438,62,49.52,26.64,46.24,15.82,04/06/2019
311,Cherskiy,0,RU,1554581438,73,68.75,161.3,8.26,2.28,04/06/2019
312,Khudumelapye,36,BW,1554581438,76,-23.91,24.95,63.88,13.02,04/06/2019
313,Amapa,20,HN,1554577200,41,15.09,-87.97,95.0,13.87,04/06/2019
314,Auki,0,NG,1554581449,37,12.18,6.51,85.48,9.22,04/06/2019
315,Bongor,0,TD,1554581450,23,10.28,15.37,82.87,7.43,04/06/2019
316,Donegal,0,IE,1554579000,66,54.65,-8.11,50.0,2.24,04/06/2019
317,Narsaq,75,GL,1554576600,26,60.91,-46.05,44.6,6.93,04/06/2019
318,Goderich,0,CA,1554581221,73,43.74,-81.71,53.01,7.0,04/06/2019
319,Marzuq,0,YE,1554581453,82,14.4,46.47,57.4,2.39,04/06/2019
320,Antofagasta,90,CL,1554577200,77,-23.65,-70.4,64.4,13.87,04/06/2019
321,Pueblo Nuevo,0,MX,1554581242,60,23.99,-106.96,80.01,7.0,04/06/2019
322,Viedma,0,AR,1554581405,29,-40.81,-62.99,75.85,4.97,04/06/2019
323,Jian,92,IN,1554581456,97,25.65,87.89,66.58,8.55,04/06/2019
324,Takoradi,8,GH,1554581457,94,4.89,-1.75,83.23,10.33,04/06/2019
325,Kunyang,68,CN,1554581457,98,27.66,120.56,57.31,4.41,04/06/2019
326,Bollnas,100,SE,1554581457,95,61.35,16.39,37.6,1.95,04/06/2019
327,Nanchang,0,CN,1554581457,85,28.68,115.89,55.33,3.4,04/06/2019
328,Zhezkazgan,0,KZ,1554581458,83,47.8,67.71,34.54,8.99,04/06/2019
329,Chuy,76,UY,1554581458,80,-33.69,-53.46,66.94,7.2,04/06/2019
330,Thinadhoo,44,MV,1554581208,100,0.53,72.93,83.68,1.61,04/06/2019
331,Garissa,0,KE,1554581458,61,-0.46,39.64,81.52,10.33,04/06/2019
332,Sarai,90,IN,1554579000,88,25.78,85.28,68.0,8.05,04/06/2019
333,Zhigansk,0,RU,1554581459,73,66.77,123.37,14.11,4.63,04/06/2019
334,Port Elizabeth,1,US,1554581423,48,39.31,-74.98,72.0,6.93,04/06/2019
335,Basmat,56,IN,1554581459,42,19.33,77.16,75.94,5.97,04/06/2019
336,Baruun-Urt,0,MN,1554581460,44,46.68,113.28,11.95,5.97,04/06/2019
337,Berea,20,US,1554581163,42,41.37,-81.85,68.0,10.29,04/06/2019
338,Xam Nua,0,LA,1554581461,91,20.42,104.04,57.4,1.72,04/06/2019
339,Panjab,24,AF,1554581461,90,34.38,67.02,30.13,2.39,04/06/2019
340,Maningrida,88,AU,1554581461,100,-12.05,134.23,75.76,3.62,04/06/2019
341,Massaguet,0,TD,1554577200,9,12.48,15.44,98.6,8.05,04/06/2019
342,Baishishan,0,CN,1554581462,61,43.58,127.55,24.46,4.07,04/06/2019
343,Lichinga,0,MZ,1554581463,91,-13.3,35.25,62.8,4.41,04/06/2019
344,El Alto,75,BO,1554577200,26,-16.5,-68.19,59.0,5.82,04/06/2019
345,Raduzhnyy,80,RU,1554581464,89,62.1,77.47,23.83,15.14,04/06/2019
346,Bijie,0,CN,1554581464,82,27.3,105.3,44.17,2.39,04/06/2019
347,Linxia,0,CN,1554581464,59,35.6,103.21,25.09,2.73,04/06/2019
348,Caucaia,75,BR,1554581293,78,-3.73,-38.66,80.6,11.41,04/06/2019
349,Mtwara,68,TZ,1554581465,100,-10.28,40.18,80.98,7.43,04/06/2019
350,Mana,0,RS,1554579000,54,43.52,20.24,55.4,5.82,04/06/2019
351,Itaguai,40,BR,1554581441,74,-22.85,-43.78,91.4,9.17,04/06/2019
352,Yulara,8,AU,1554577200,40,-25.24,130.99,69.8,6.93,04/06/2019
353,Berlevag,24,NO,1554581468,100,70.86,29.09,29.14,10.78,04/06/2019
354,Darab,8,IR,1554581469,82,28.75,54.55,47.77,0.16,04/06/2019
355,Phalaborwa,80,ZA,1554577200,93,-23.95,31.14,66.2,3.36,04/06/2019
356,Manjacaze,68,MZ,1554581469,81,-24.71,33.88,74.23,8.1,04/06/2019
357,Lagoa,40,PT,1554581243,67,37.14,-8.45,57.2,11.41,04/06/2019
358,El Angel,75,EC,1554577200,77,0.62,-77.93,59.0,5.82,04/06/2019
359,Touros,92,BR,1554581480,99,-5.2,-35.46,78.1,6.31,04/06/2019
360,Vila Franca do Campo,20,PT,1554581464,87,37.72,-25.43,60.8,21.92,04/06/2019
361,Hare Bay,90,CA,1554580925,29,48.86,-53.99,39.2,17.22,04/06/2019
362,San-Pedro,20,CI,1554581482,76,4.75,-6.64,83.41,11.79,04/06/2019
363,Beisfjord,64,NO,1554580707,74,68.38,17.6,35.6,11.41,04/06/2019
364,Micheweni,8,TZ,1554581482,100,-4.97,39.83,84.67,5.75,04/06/2019
365,Maniitsoq,80,GL,1554581483,80,65.42,-52.9,34.27,8.55,04/06/2019
366,Palmas Bellas,40,PA,1554581058,74,9.23,-80.09,84.99,8.05,04/06/2019
367,Jizan,0,SA,1554577200,70,16.89,42.56,86.0,3.36,04/06/2019
368,Fort Nelson,90,CA,1554578760,74,58.81,-122.69,28.4,2.24,04/06/2019
369,Santa Rosa,0,AR,1554581256,25,-36.62,-64.29,81.52,7.09,04/06/2019
370,Fort Dodge,40,US,1554581116,64,42.5,-94.17,73.99,23.04,04/06/2019
371,Kupang,36,ID,1554581487,100,-10.16,123.6,78.55,8.77,04/06/2019
372,Naze,12,NG,1554581487,86,5.43,7.07,77.65,5.3,04/06/2019
373,Molina,0,CL,1554577200,24,-35.11,-71.28,82.4,10.29,04/06/2019
374,Botwood,90,CA,1554580925,29,49.14,-55.34,39.2,17.22,04/06/2019
375,Pangkalanbuun,20,ID,1554581337,92,-2.68,111.62,73.6,2.62,04/06/2019
376,LOS ALGARROBOS,40,EC,1554577200,55,-3.25,-79.94,89.6,16.11,04/06/2019
377,Santiago del Estero,0,AR,1554581422,50,-27.8,-64.26,75.49,5.3,04/06/2019
378,Dubbo,0,AU,1554579000,67,-32.25,148.6,60.8,3.36,04/06/2019
379,Dobryanka,0,RU,1554579000,80,58.45,56.42,33.8,8.95,04/06/2019
380,Grand-Santi,44,GF,1554581489,91,4.27,-54.38,77.65,2.84,04/06/2019
381,Annonay,0,FR,1554581094,66,45.24,4.67,48.2,9.17,04/06/2019
382,Ossora,8,RU,1554581490,82,59.24,163.07,17.35,1.61,04/06/2019
383,Mae Sai,0,MM,1554577200,83,20.44,99.89,75.2,1.12,04/06/2019
384,Morgan City,75,US,1554581479,58,29.7,-91.21,84.99,11.41,04/06/2019
385,Yichang,0,CN,1554581491,81,30.77,111.32,54.34,0.6,04/06/2019
386,Panevezys,0,LT,1554578400,45,55.73,24.35,42.8,8.05,04/06/2019
387,Santa Isabel do Rio Negro,0,BR,1554581365,45,-0.41,-65.02,94.21,7.65,04/06/2019
388,Vikhorevka,0,RU,1554580950,49,56.12,101.17,23.0,6.71,04/06/2019
389,Flinders,40,AU,1554581406,93,-34.58,150.85,66.99,6.93,04/06/2019
390,Barcelos,20,PT,1554581459,87,41.53,-8.62,51.8,2.24,04/06/2019
391,DAULTALA,0,PK,1554581385,53,33.19,73.14,73.99,1.99,04/06/2019
392,Wasilla,75,US,1554581284,59,61.58,-149.44,41.0,6.93,04/06/2019
393,Herat,48,AF,1554581366,96,34.35,62.22,52.72,3.4,04/06/2019
394,Alofi,76,NU,1554577200,94,-19.06,-169.92,78.8,5.82,04/06/2019
395,Shahreza,44,IR,1554581496,63,32.01,51.87,44.35,5.75,04/06/2019
396,Mucuri,0,BR,1554581497,77,-18.08,-39.55,82.33,12.12,04/06/2019
397,Omboue,20,GA,1554581498,100,-1.57,9.26,83.23,5.41,04/06/2019
398,Adrar,0,DZ,1554577200,31,27.87,-0.29,73.4,16.11,04/06/2019
399,Beatrice,40,US,1554581423,47,40.27,-96.75,78.01,17.22,04/06/2019
400,Buraydah,0,SA,1554577200,41,26.33,43.97,78.8,11.41,04/06/2019
401,Jiuquan,32,CN,1554581499,63,39.73,98.49,34.36,2.17,04/06/2019
402,Dunmore Town,24,BS,1554581211,100,25.5,-76.65,76.3,10.33,04/06/2019
403,Avera,90,US,1554581466,93,33.19,-82.53,73.99,6.93,04/06/2019
404,Pangnirtung,90,CA,1554577200,62,66.15,-65.72,21.2,8.05,04/06/2019
405,Sambava,68,MG,1554581510,100,-14.27,50.17,81.25,14.81,04/06/2019
406,Tabas,0,IR,1554577200,42,33.6,56.92,68.0,4.7,04/06/2019
407,Kruisfontein,0,ZA,1554581511,84,-34.0,24.73,63.43,12.24,04/06/2019
408,Richards Bay,24,ZA,1554581511,97,-28.77,32.06,65.5,9.22,04/06/2019
409,Nuuk,75,GL,1554576600,52,64.17,-51.74,41.0,16.11,04/06/2019
410,Parrita,75,CR,1554581369,57,9.52,-84.33,86.0,13.87,04/06/2019
411,Kisangani,36,CD,1554581512,96,0.52,25.21,75.67,2.62,04/06/2019
412,Vao,0,EE,1554581512,76,59.1,26.19,33.82,3.62,04/06/2019
413,Khorixas,0,NA,1554581513,83,-20.37,14.96,60.91,2.73,04/06/2019
414,Port Shepstone,0,ZA,1554581513,100,-30.74,30.45,64.96,5.64,04/06/2019
415,Lagos,20,NG,1554577200,84,6.46,3.39,86.0,3.36,04/06/2019
416,Ekhabi,44,RU,1554581514,87,53.51,142.97,21.04,10.0,04/06/2019
417,Fowa,0,NG,1554581514,60,8.92,6.4,84.04,7.76,04/06/2019
418,Qaqortoq,75,GL,1554576600,26,60.72,-46.03,44.6,6.93,04/06/2019
419,Xichang,0,CN,1554581515,83,27.88,102.25,32.38,1.61,04/06/2019
420,Yumen,76,CN,1554581515,40,40.29,97.04,47.77,5.3,04/06/2019
421,Grand Gaube,75,MU,1554581340,74,-20.01,57.66,80.6,11.41,04/06/2019
422,Cairns,90,AU,1554581177,83,-16.92,145.77,75.2,11.41,04/06/2019
423,Wuwei,64,CN,1554581516,52,37.93,102.64,37.24,3.4,04/06/2019
424,Lakes Entrance,0,AU,1554581337,95,-37.88,147.99,50.0,2.95,04/06/2019
425,Ritchie,0,ZA,1554577200,72,-29.03,24.6,64.4,4.7,04/06/2019
426,Cutler Ridge,40,US,1554581700,50,34.78,-82.42,78.01,5.82,04/06/2019
427,Ukiah,90,US,1554581309,77,39.15,-123.21,60.01,8.05,04/06/2019
428,Plettenberg Bay,0,ZA,1554581518,96,-34.05,23.37,63.43,13.24,04/06/2019
429,Khandyga,0,RU,1554581518,76,62.65,135.58,16.18,2.39,04/06/2019
430,Gamboma,32,CG,1554581518,86,-1.87,15.88,75.94,4.07,04/06/2019
431,Chalmette,75,US,1554581480,83,29.94,-89.96,84.99,9.17,04/06/2019
432,Poum,75,MK,1554577200,62,41.28,20.71,51.8,4.7,04/06/2019
433,Mount Gambier,40,AU,1554577200,93,-37.83,140.78,46.4,10.29,04/06/2019
434,Paralimni,100,GR,1554581410,71,40.99,23.67,57.99,1.01,04/06/2019
435,Zheleznodorozhnyy,20,RU,1554581144,92,55.75,38.0,37.99,2.24,04/06/2019
436,Mount Pleasant,90,US,1554581456,93,33.16,-94.97,64.0,9.22,04/06/2019
437,Kandrian,36,PG,1554581522,100,-6.21,149.55,75.22,2.39,04/06/2019
438,Dudinka,80,RU,1554581523,93,69.41,86.18,18.16,13.69,04/06/2019
439,Bilibino,0,RU,1554581523,83,68.06,166.44,13.48,3.29,04/06/2019
440,Brewster,1,US,1554581486,81,41.76,-70.08,64.99,9.17,04/06/2019
441,Svetlaya,36,RU,1554581524,98,46.54,138.33,30.13,7.54,04/06/2019
442,Bandarbeyla,0,SO,1554581524,100,9.49,50.81,81.07,3.18,04/06/2019
443,Nigran,75,ES,1554581459,93,42.14,-8.81,51.01,2.24,04/06/2019
444,Oktyabrskoye,0,RU,1554581422,47,56.73,85.44,37.0,4.47,04/06/2019
445,Karpathos,20,GR,1554580200,87,35.51,27.21,60.8,21.92,04/06/2019
446,Rio Gallegos,20,AR,1554577200,47,-51.62,-69.22,55.4,43.62,04/06/2019
447,Broome,90,GB,1554581475,100,52.47,1.45,46.99,4.7,04/06/2019
448,Cassilandia,44,BR,1554581530,86,-19.11,-51.73,79.54,2.95,04/06/2019
449,Koscian,0,PL,1554581524,50,52.09,16.65,55.99,11.41,04/06/2019
450,Puerto Leguizamo,36,CO,1554581531,27,-0.19,-74.78,100.6,3.62,04/06/2019
451,Ornskoldsvik,92,SE,1554578400,74,63.29,18.72,37.4,6.64,04/06/2019
452,Gamba,64,CN,1554581531,69,28.28,88.52,9.07,1.61,04/06/2019
453,Lata,24,IN,1554581531,90,30.78,78.62,45.43,2.39,04/06/2019
454,Russell,0,AR,1554577200,11,-33.01,-68.8,84.2,9.17,04/06/2019
455,Ambon,90,FR,1554581526,100,47.55,-2.56,48.0,9.17,04/06/2019
456,Tobol,0,SE,1554578400,93,59.83,12.54,46.4,8.05,04/06/2019
457,Tecoanapa,20,MX,1554576480,74,16.99,-99.26,82.4,16.11,04/06/2019
458,Arman,0,RU,1554581543,79,59.7,150.17,21.13,2.62,04/06/2019
459,Sandwick,76,GB,1554581509,93,54.57,-2.89,48.99,11.41,04/06/2019
460,Bridgeton,1,US,1554581537,56,38.77,-90.41,73.99,11.41,04/06/2019
461,Hushitai,0,CN,1554579000,54,41.93,123.51,28.4,2.24,04/06/2019
462,Honiara,20,SB,1554581546,99,-9.43,159.96,77.47,1.39,04/06/2019
463,Port Blair,0,IN,1554581396,100,11.67,92.75,83.59,3.18,04/06/2019
464,Okakarara,0,NA,1554581547,37,-20.59,17.46,64.24,7.31,04/06/2019
465,Murchison,0,AU,1554581026,74,-36.62,145.22,52.0,2.28,04/06/2019
466,Arua,12,UG,1554581547,77,3.02,30.91,72.16,3.18,04/06/2019
467,Fort Payne,75,US,1554581529,64,34.44,-85.72,75.99,8.05,04/06/2019
468,Husavik,88,CA,1554581415,56,50.56,-96.99,44.01,5.01,04/06/2019
469,Zatoka,75,PL,1554581500,93,50.04,20.52,51.01,9.17,04/06/2019
470,Le Pradet,0,FR,1554580934,81,46.44,1.83,46.4,8.05,04/06/2019
471,La Marque,40,US,1554581464,69,29.37,-94.97,87.01,13.87,04/06/2019
472,Kloulklubed,75,PW,1554576600,94,7.04,134.26,77.0,3.36,04/06/2019
473,Pecsvarad,0,HU,1554581551,79,46.16,18.42,43.9,3.51,04/06/2019
474,Wanaka,0,NZ,1554581552,88,-44.7,169.14,27.61,1.95,04/06/2019
475,Suarez,75,CO,1554577200,78,4.05,-74.83,80.6,3.36,04/06/2019
476,Iracoubo,92,GF,1554581553,81,5.48,-53.21,78.1,5.75,04/06/2019
477,Beaverlodge,90,CA,1554577200,87,55.21,-119.43,35.6,6.93,04/06/2019
478,Zaragoza,40,ES,1554581417,70,41.65,-0.88,48.99,12.75,04/06/2019
479,Guia de Isora,75,ES,1554581418,59,28.21,-16.78,66.2,6.93,04/06/2019
480,Marsh Harbour,0,BS,1554581555,100,26.54,-77.06,76.93,9.22,04/06/2019
481,Tucuman,8,PE,1554581555,67,-17.17,-70.89,67.21,3.96,04/06/2019
482,Beyneu,88,KZ,1554581555,64,45.32,55.19,48.58,14.58,04/06/2019
483,Parabel,80,RU,1554581555,79,58.71,81.5,26.8,8.21,04/06/2019
484,Tacuarembo,68,UY,1554581456,62,-31.73,-55.98,69.01,6.53,04/06/2019
485,Lagunas,32,PE,1554581556,100,-5.23,-75.68,76.21,1.72,04/06/2019
486,Macia,76,MZ,1554581557,78,-25.03,33.09,74.23,7.76,04/06/2019
487,San Carlos de Bariloche,20,AR,1554577200,28,-41.13,-71.31,69.8,19.46,04/06/2019
488,Lovozero,88,RU,1554581557,89,68.01,35.02,32.11,4.41,04/06/2019
489,Florence,1,US,1554581538,44,34.8,-87.68,82.0,5.82,04/06/2019
490,Carutapera,92,BR,1554581540,95,-1.2,-46.02,77.83,5.86,04/06/2019
491,Balikpapan,88,ID,1554581559,100,-1.24,116.86,78.1,1.16,04/06/2019
492,Lewistown,40,US,1554581388,56,40.39,-90.15,70.0,12.75,04/06/2019
493,Rawson,8,AR,1554581560,29,-43.3,-65.11,79.72,15.82,04/06/2019
494,Anshun,12,CN,1554581560,80,26.25,105.93,43.99,2.84,04/06/2019
495,Mahwa,56,IN,1554581560,83,27.05,76.93,66.4,3.06,04/06/2019
496,Antalaha,76,MG,1554581560,92,-14.9,50.28,78.46,9.78,04/06/2019
497,Anloga,20,GH,1554577200,83,5.79,0.9,84.2,13.87,04/06/2019
498,Ahmadpur,44,IN,1554581562,40,18.7,76.94,76.48,7.99,04/06/2019
499,Mazatlan,5,MX,1554580933,47,23.22,-106.42,80.6,8.05,04/06/2019
500,Skibbereen,75,IE,1554579000,81,51.55,-9.27,46.4,5.82,04/06/2019
501,Garoua,20,CM,1554577200,41,9.31,13.39,93.2,12.75,04/06/2019
502,Izumo,8,JP,1554577200,75,35.37,132.75,42.8,3.36,04/06/2019
503,General Roca,0,AR,1554577200,20,-39.03,-67.58,82.4,6.93,04/06/2019
504,Sibi,20,PK,1554581573,24,29.55,67.88,76.66,3.85,04/06/2019
505,Ussel,64,FR,1554581419,94,45.55,2.31,37.99,1.99,04/06/2019
506,Haines Junction,0,CA,1554581543,77,60.75,-137.51,30.76,2.62,04/06/2019
507,Bonfim,40,BR,1554581222,61,-20.33,-44.24,82.0,6.93,04/06/2019
508,Lavrentiya,48,RU,1554581575,100,65.58,-170.99,9.88,5.86,04/06/2019
509,Igarka,76,RU,1554581575,82,67.47,86.57,13.03,6.87,04/06/2019
510,Slave Lake,90,CA,1554580740,100,55.28,-114.77,35.6,6.93,04/06/2019
511,Padang,32,ID,1554581576,100,-0.92,100.36,80.8,5.19,04/06/2019
512,Tateyama,100,JP,1554581416,69,36.66,137.31,59.0,1.39,04/06/2019
513,Talcahuano,0,CL,1554577200,52,-36.72,-73.12,68.0,12.75,04/06/2019
514,Knysna,0,ZA,1554577200,93,-34.04,23.05,57.2,2.24,04/06/2019
515,Lolodorf,92,CM,1554581578,95,3.23,10.73,73.78,3.74,04/06/2019
516,Sabzevar,88,IR,1554581578,97,36.21,57.68,51.01,2.62,04/06/2019
517,Okha,44,RU,1554581579,87,53.59,142.95,21.04,10.0,04/06/2019
518,Madimba,75,CM,1554577200,88,4.42,9.93,82.4,2.24,04/06/2019
519,Huangchuan,0,CN,1554581209,57,24.57,102.46,54.0,6.71,04/06/2019
520,Nha Trang,20,VN,1554579000,78,12.24,109.19,78.8,6.93,04/06/2019
521,Roald,20,NO,1554581404,98,62.58,6.12,41.0,16.11,04/06/2019
522,Altea,40,ES,1554581527,71,38.6,-0.05,57.0,16.26,04/06/2019
523,Oga,56,NG,1554581583,53,8.18,5.65,85.66,8.1,04/06/2019
524,Beringovskiy,76,RU,1554581583,100,63.05,179.32,15.19,18.72,04/06/2019
525,Tambun,75,MY,1554577200,94,4.62,101.14,78.8,5.82,04/06/2019
526,Sao Joao da Barra,20,BR,1554577200,59,-21.64,-41.05,89.6,14.99,04/06/2019
527,Pontes e Lacerda,80,BR,1554581585,80,-15.23,-59.33,72.25,3.96,04/06/2019
528,Rorvik,0,NO,1554581402,84,64.86,11.24,41.0,1.01,04/06/2019
529,Myre,92,SE,1554581118,80,62.25,17.37,39.2,11.41,04/06/2019
530,Limon,20,US,1554581522,18,39.26,-103.69,69.8,12.75,04/06/2019
531,Srednekolymsk,36,RU,1554581562,88,67.46,153.71,8.08,3.18,04/06/2019
532,Severobaykalsk,0,RU,1554581586,73,55.65,109.32,3.31,4.41,04/06/2019
533,Azangaro,75,PE,1554577200,30,-14.91,-70.2,59.0,2.24,04/06/2019
534,Havelock,90,US,1554581242,68,34.88,-76.9,70.0,8.05,04/06/2019
535,Bambanglipuro,100,ID,1554581570,99,-7.95,110.28,73.06,3.06,04/06/2019
536,Kerrville,1,US,1554581508,83,30.05,-99.14,81.0,5.82,04/06/2019
537,Bereda,40,ES,1554581405,81,43.27,-7.54,50.0,10.29,04/06/2019
538,Vestmannaeyjar,68,IS,1554581555,90,63.44,-20.27,38.77,14.81,04/06/2019
539,Kurchum,0,KZ,1554581589,71,48.57,83.65,33.64,8.77,04/06/2019
540,Republic,90,US,1554581498,81,48.65,-118.74,44.01,10.29,04/06/2019
541,Zhireken,32,RU,1554581590,68,52.82,117.29,21.31,4.97,04/06/2019
542,Sola,0,NO,1554581419,87,58.89,5.65,46.99,4.7,04/06/2019
543,Luchegorsk,88,RU,1554581592,98,46.44,134.3,29.95,0.6,04/06/2019
544,Le Port,56,FR,1554581585,68,42.87,1.37,45.0,5.99,04/06/2019
545,Gat,20,SN,1554579000,56,14.69,-16.54,96.8,21.92,04/06/2019
546,Victoria Point,20,AU,1554581551,88,-27.58,153.3,64.99,6.93,04/06/2019
547,Matagami,0,NG,1554581603,68,9.67,8.4,74.95,4.07,04/06/2019
548,Monze,32,ZM,1554581603,54,-16.28,27.48,74.23,8.43,04/06/2019
549,Moroni,44,US,1554581346,46,39.52,-111.59,57.0,5.01,04/06/2019
550,Kununurra,40,AU,1554579000,94,-15.77,128.74,77.0,2.28,04/06/2019
551,Doha,0,QA,1554579000,57,25.29,51.53,80.6,4.7,04/06/2019
552,Tazovskiy,88,RU,1554581604,91,67.47,78.7,24.91,18.72,04/06/2019
553,Mezen,88,RU,1554581605,87,65.85,44.24,32.2,5.64,04/06/2019
554,Gramoteino,8,RU,1554581605,72,54.53,86.38,25.27,8.88,04/06/2019
555,Nivala,24,FI,1554581178,10,63.93,24.96,28.0,6.31,04/06/2019
556,Puerto Madryn,0,AR,1554581420,50,-42.77,-65.04,74.41,10.0,04/06/2019
557,Chumikan,92,RU,1554581606,88,54.72,135.31,28.24,3.51,04/06/2019
